{
 "cells": [
  {
   "cell_type": "code",
   "execution_count": 5,
   "id": "49a4e484-fb6a-467d-a88b-794d3b2a05a9",
   "metadata": {},
   "outputs": [
    {
     "data": {
      "text/plain": [
       "'\\nfiles=glob.glob(\\'logs/bo_runs_data_*.csv\\')\\nfor file in files:\\n    dete=pd.read_csv(file)\\n    counts = dete[\\'found_global_best\\'].value_counts()\\n    print(f\"=== {file} ===\")\\n    print(counts)\\n    print() '"
      ]
     },
     "execution_count": 5,
     "metadata": {},
     "output_type": "execute_result"
    }
   ],
   "source": [
    "import pandas as pd\n",
    "import numpy as np\n",
    "import matplotlib.pyplot as plt\n",
    "import glob\n",
    "\"\"\"\n",
    "files=glob.glob('logs/bo_runs_data_*.csv')\n",
    "for file in files:\n",
    "    dete=pd.read_csv(file)\n",
    "    counts = dete['found_global_best'].value_counts()\n",
    "    print(f\"=== {file} ===\")\n",
    "    print(counts)\n",
    "    print() \"\"\""
   ]
  },
  {
   "cell_type": "code",
   "execution_count": 6,
   "id": "cebd74d8-46bd-44dc-bcc7-19f141d5fbef",
   "metadata": {},
   "outputs": [
    {
     "name": "stdout",
     "output_type": "stream",
     "text": [
      "=== Dateien nach r2_max sortiert ===\n",
      "                                                 file            mode  \\\n",
      "8       logs/gp_summary_data_swing_Vext_addfeatpT.csv  pressure_swing   \n",
      "12                logs/gp_summary_data_swing_Vext.csv  pressure_swing   \n",
      "10  logs/gp_summary_data_swing_Vext_addfeatchempT.csv  pressure_swing   \n",
      "1   logs/gp_summary_data_swing_Vext_densB_addchemp...  pressure_swing   \n",
      "14  logs/gp_summary_data_swing_Vext_densB_addchemp...      temp_swing   \n",
      "18  logs/gp_summary_data_swing_Vext_densB_addfeatc...      temp_swing   \n",
      "7   logs/gp_summary_data_swing_Vext_densB_addfeatc...  pressure_swing   \n",
      "2             logs/gp_summary_data_swing_Vextchem.csv  pressure_swing   \n",
      "17      logs/gp_summary_data_swing_Vextchem_densB.csv      temp_swing   \n",
      "13  logs/gp_summary_data_swing_Vextchem_densB_addp...      temp_swing   \n",
      "0   logs/gp_summary_data_swing_Vextchem_densB_addp...  pressure_swing   \n",
      "5       logs/gp_summary_data_swing_Vextchem_densB.csv  pressure_swing   \n",
      "9   logs/gp_summary_data_swing_Vextchem_densB_addc...  pressure_swing   \n",
      "19  logs/gp_summary_data_swing_Vextchem_densB_addc...      temp_swing   \n",
      "15  logs/gp_summary_data_swing_Vext_diff_densB_add...      temp_swing   \n",
      "16     logs/gp_summary_data_swing_Vext_diff_densB.csv      temp_swing   \n",
      "4      logs/gp_summary_data_swing_Vext_diff_densB.csv  pressure_swing   \n",
      "3   logs/gp_summary_data_swing_Vext_diff_densB_add...  pressure_swing   \n",
      "11  logs/gp_summary_data_swing_Vextchem_diff_densB...  pressure_swing   \n",
      "6   logs/gp_summary_data_swing_Vextchem_diff_densB...  pressure_swing   \n",
      "\n",
      "      r2_max   r2_mean  n_rows_total  \n",
      "8   0.995988  0.756512           100  \n",
      "12  0.995988  0.756512           100  \n",
      "10  0.995828  0.742662           100  \n",
      "1   0.995825  0.758003           100  \n",
      "14  0.995825  0.758003           100  \n",
      "18  0.995825  0.762198           102  \n",
      "7   0.995825  0.762198           102  \n",
      "2   0.994184  0.755392           100  \n",
      "17  0.994144  0.767221           100  \n",
      "13  0.994144  0.767221           100  \n",
      "0   0.994144  0.767221           100  \n",
      "5   0.994144  0.767221           100  \n",
      "9   0.993521  0.754539           100  \n",
      "19  0.993521  0.754539           100  \n",
      "15  0.979944  0.309313           100  \n",
      "16  0.979944  0.309313           100  \n",
      "4   0.979944  0.309313           100  \n",
      "3   0.979944  0.309313           100  \n",
      "11  0.975829  0.363257           100  \n",
      "6   0.974194  0.372069           100  \n",
      "\n",
      "=== Dateien nach r2_mean sortiert ===\n",
      "                                                 file            mode  \\\n",
      "0   logs/gp_summary_data_swing_Vextchem_densB_addp...  pressure_swing   \n",
      "17      logs/gp_summary_data_swing_Vextchem_densB.csv      temp_swing   \n",
      "5       logs/gp_summary_data_swing_Vextchem_densB.csv  pressure_swing   \n",
      "13  logs/gp_summary_data_swing_Vextchem_densB_addp...      temp_swing   \n",
      "18  logs/gp_summary_data_swing_Vext_densB_addfeatc...      temp_swing   \n",
      "7   logs/gp_summary_data_swing_Vext_densB_addfeatc...  pressure_swing   \n",
      "14  logs/gp_summary_data_swing_Vext_densB_addchemp...      temp_swing   \n",
      "1   logs/gp_summary_data_swing_Vext_densB_addchemp...  pressure_swing   \n",
      "12                logs/gp_summary_data_swing_Vext.csv  pressure_swing   \n",
      "8       logs/gp_summary_data_swing_Vext_addfeatpT.csv  pressure_swing   \n",
      "2             logs/gp_summary_data_swing_Vextchem.csv  pressure_swing   \n",
      "19  logs/gp_summary_data_swing_Vextchem_densB_addc...      temp_swing   \n",
      "9   logs/gp_summary_data_swing_Vextchem_densB_addc...  pressure_swing   \n",
      "10  logs/gp_summary_data_swing_Vext_addfeatchempT.csv  pressure_swing   \n",
      "6   logs/gp_summary_data_swing_Vextchem_diff_densB...  pressure_swing   \n",
      "11  logs/gp_summary_data_swing_Vextchem_diff_densB...  pressure_swing   \n",
      "15  logs/gp_summary_data_swing_Vext_diff_densB_add...      temp_swing   \n",
      "16     logs/gp_summary_data_swing_Vext_diff_densB.csv      temp_swing   \n",
      "4      logs/gp_summary_data_swing_Vext_diff_densB.csv  pressure_swing   \n",
      "3   logs/gp_summary_data_swing_Vext_diff_densB_add...  pressure_swing   \n",
      "\n",
      "      r2_max   r2_mean  n_rows_total  \n",
      "0   0.994144  0.767221           100  \n",
      "17  0.994144  0.767221           100  \n",
      "5   0.994144  0.767221           100  \n",
      "13  0.994144  0.767221           100  \n",
      "18  0.995825  0.762198           102  \n",
      "7   0.995825  0.762198           102  \n",
      "14  0.995825  0.758003           100  \n",
      "1   0.995825  0.758003           100  \n",
      "12  0.995988  0.756512           100  \n",
      "8   0.995988  0.756512           100  \n",
      "2   0.994184  0.755392           100  \n",
      "19  0.993521  0.754539           100  \n",
      "9   0.993521  0.754539           100  \n",
      "10  0.995828  0.742662           100  \n",
      "6   0.974194  0.372069           100  \n",
      "11  0.975829  0.363257           100  \n",
      "15  0.979944  0.309313           100  \n",
      "16  0.979944  0.309313           100  \n",
      "4   0.979944  0.309313           100  \n",
      "3   0.979944  0.309313           100  \n"
     ]
    }
   ],
   "source": [
    "files_press = glob.glob('logs/gp_summary_data_swing*.csv')\n",
    "#files_temp  = glob.glob('logs/gp_summary_data_swing*.csv')\n",
    "\n",
    "def collect_r2(files, label):\n",
    "    rows = []\n",
    "    for file in files:\n",
    "        df = pd.read_csv(file, on_bad_lines='skip')\n",
    "\n",
    "        rows.append({\n",
    "            \"file\": file,\n",
    "            \"mode\": label,\n",
    "            \"r2_max\": df[\"r2\"].max(),\n",
    "            \"r2_mean\": df[\"r2\"].mean(),\n",
    "            \"n_rows_total\": len(df),\n",
    "        })\n",
    "    return pd.DataFrame(rows)\n",
    "\n",
    "df_press = collect_r2(files_press, \"pressure_swing\")\n",
    "df_temp  = collect_r2(files_temp, \"temp_swing\")\n",
    "\n",
    "summary = pd.concat([df_press, df_temp], ignore_index=True)\n",
    "\n",
    "print(\"=== Dateien nach r2_max sortiert ===\")\n",
    "print(summary.sort_values(\"r2_max\", ascending=False))\n",
    "print()\n",
    "print(\"=== Dateien nach r2_mean sortiert ===\")\n",
    "print(summary.sort_values(\"r2_mean\", ascending=False))"
   ]
  },
  {
   "cell_type": "code",
   "execution_count": null,
   "id": "9071d72f-b286-41c5-b717-99bca0286e93",
   "metadata": {},
   "outputs": [],
   "source": []
  }
 ],
 "metadata": {
  "kernelspec": {
   "display_name": "Python 3 (ipykernel)",
   "language": "python",
   "name": "python3"
  },
  "language_info": {
   "codemirror_mode": {
    "name": "ipython",
    "version": 3
   },
   "file_extension": ".py",
   "mimetype": "text/x-python",
   "name": "python",
   "nbconvert_exporter": "python",
   "pygments_lexer": "ipython3",
   "version": "3.11.13"
  }
 },
 "nbformat": 4,
 "nbformat_minor": 5
}
