{
 "cells": [
  {
   "cell_type": "code",
   "execution_count": 7,
   "id": "49a4e484-fb6a-467d-a88b-794d3b2a05a9",
   "metadata": {},
   "outputs": [
    {
     "data": {
      "text/plain": [
       "'\\nfiles=glob.glob(\\'logs/bo_runs_data_*.csv\\')\\nfor file in files:\\n    dete=pd.read_csv(file)\\n    counts = dete[\\'found_global_best\\'].value_counts()\\n    print(f\"=== {file} ===\")\\n    print(counts)\\n    print() '"
      ]
     },
     "execution_count": 7,
     "metadata": {},
     "output_type": "execute_result"
    }
   ],
   "source": [
    "import pandas as pd\n",
    "import numpy as np\n",
    "import matplotlib.pyplot as plt\n",
    "import glob\n",
    "\"\"\"\n",
    "files=glob.glob('logs/bo_runs_data_*.csv')\n",
    "for file in files:\n",
    "    dete=pd.read_csv(file)\n",
    "    counts = dete['found_global_best'].value_counts()\n",
    "    print(f\"=== {file} ===\")\n",
    "    print(counts)\n",
    "    print() \"\"\""
   ]
  },
  {
   "cell_type": "code",
   "execution_count": 8,
   "id": "cebd74d8-46bd-44dc-bcc7-19f141d5fbef",
   "metadata": {},
   "outputs": [
    {
     "name": "stdout",
     "output_type": "stream",
     "text": [
      "=== Dateien nach r2_max sortiert ===\n",
      "                                                 file            mode  \\\n",
      "10  logs/gp_summary_data_tempswing_Vextchem_densB.csv      temp_swing   \n",
      "8   logs/gp_summary_data_tempswing_Vextchem_addfea...      temp_swing   \n",
      "15  logs/gp_summary_data_tempswing_Vextchem_addfea...      temp_swing   \n",
      "11       logs/gp_summary_data_tempswing_Vext_100b.csv      temp_swing   \n",
      "18  logs/gp_summary_data_tempswing_Vext_addfeatche...      temp_swing   \n",
      "17      logs/gp_summary_data_tempswing_Vext_densB.csv      temp_swing   \n",
      "5             logs/gp_summary_data_tempswing_Vext.csv      temp_swing   \n",
      "6   logs/gp_summary_data_tempswing_Vext_addchempT_...      temp_swing   \n",
      "16  logs/gp_summary_data_tempswing_Vext_addfeatche...      temp_swing   \n",
      "3   logs/gp_summary_data_pressureswing_Vext_addfea...  pressure_swing   \n",
      "1   logs/gp_summary_data_pressureswing_Vext_densB.csv  pressure_swing   \n",
      "0   logs/gp_summary_data_pressureswing_Vext_addfea...  pressure_swing   \n",
      "19  logs/gp_summary_data_tempswing_Vextchem_diff_d...      temp_swing   \n",
      "13  logs/gp_summary_data_tempswing_Vextchem_diff_a...      temp_swing   \n",
      "7   logs/gp_summary_data_tempswing_Vext_diff_densB...      temp_swing   \n",
      "14       logs/gp_summary_data_tempswing_Vext_diff.csv      temp_swing   \n",
      "9   logs/gp_summary_data_tempswing_Vext_diff_densB...      temp_swing   \n",
      "12  logs/gp_summary_data_tempswing_Vext_diff_densB...      temp_swing   \n",
      "4   logs/gp_summary_data_pressureswing_Vextchem_ad...  pressure_swing   \n",
      "2   logs/gp_summary_data_pressureswing_Vextchem_de...  pressure_swing   \n",
      "\n",
      "      r2_max   r2_mean  n_rows_total  \n",
      "10  0.997541  0.552368           540  \n",
      "8   0.997541  0.552368           540  \n",
      "15  0.997499  0.526827           540  \n",
      "11  0.996703  0.504368           540  \n",
      "18  0.996549  0.502769           540  \n",
      "17  0.996530  0.549547           540  \n",
      "5   0.996461  0.567329           540  \n",
      "6   0.996104  0.538968           503  \n",
      "16  0.996104  0.864623           188  \n",
      "3   0.987899  0.808005           379  \n",
      "1   0.987757  0.818404           379  \n",
      "0   0.986082  0.591730           379  \n",
      "19  0.985553  0.459366           540  \n",
      "13  0.984091  0.451147           540  \n",
      "7   0.975162  0.446712           540  \n",
      "14  0.974999  0.485397           540  \n",
      "9   0.974911  0.438812           540  \n",
      "12  0.974378  0.454478           540  \n",
      "4   0.493306  0.282227           379  \n",
      "2   0.493306  0.282227           379  \n",
      "\n",
      "=== Dateien nach r2_mean sortiert ===\n",
      "                                                 file            mode  \\\n",
      "16  logs/gp_summary_data_tempswing_Vext_addfeatche...      temp_swing   \n",
      "1   logs/gp_summary_data_pressureswing_Vext_densB.csv  pressure_swing   \n",
      "3   logs/gp_summary_data_pressureswing_Vext_addfea...  pressure_swing   \n",
      "0   logs/gp_summary_data_pressureswing_Vext_addfea...  pressure_swing   \n",
      "5             logs/gp_summary_data_tempswing_Vext.csv      temp_swing   \n",
      "8   logs/gp_summary_data_tempswing_Vextchem_addfea...      temp_swing   \n",
      "10  logs/gp_summary_data_tempswing_Vextchem_densB.csv      temp_swing   \n",
      "17      logs/gp_summary_data_tempswing_Vext_densB.csv      temp_swing   \n",
      "6   logs/gp_summary_data_tempswing_Vext_addchempT_...      temp_swing   \n",
      "15  logs/gp_summary_data_tempswing_Vextchem_addfea...      temp_swing   \n",
      "11       logs/gp_summary_data_tempswing_Vext_100b.csv      temp_swing   \n",
      "18  logs/gp_summary_data_tempswing_Vext_addfeatche...      temp_swing   \n",
      "14       logs/gp_summary_data_tempswing_Vext_diff.csv      temp_swing   \n",
      "19  logs/gp_summary_data_tempswing_Vextchem_diff_d...      temp_swing   \n",
      "12  logs/gp_summary_data_tempswing_Vext_diff_densB...      temp_swing   \n",
      "13  logs/gp_summary_data_tempswing_Vextchem_diff_a...      temp_swing   \n",
      "7   logs/gp_summary_data_tempswing_Vext_diff_densB...      temp_swing   \n",
      "9   logs/gp_summary_data_tempswing_Vext_diff_densB...      temp_swing   \n",
      "4   logs/gp_summary_data_pressureswing_Vextchem_ad...  pressure_swing   \n",
      "2   logs/gp_summary_data_pressureswing_Vextchem_de...  pressure_swing   \n",
      "\n",
      "      r2_max   r2_mean  n_rows_total  \n",
      "16  0.996104  0.864623           188  \n",
      "1   0.987757  0.818404           379  \n",
      "3   0.987899  0.808005           379  \n",
      "0   0.986082  0.591730           379  \n",
      "5   0.996461  0.567329           540  \n",
      "8   0.997541  0.552368           540  \n",
      "10  0.997541  0.552368           540  \n",
      "17  0.996530  0.549547           540  \n",
      "6   0.996104  0.538968           503  \n",
      "15  0.997499  0.526827           540  \n",
      "11  0.996703  0.504368           540  \n",
      "18  0.996549  0.502769           540  \n",
      "14  0.974999  0.485397           540  \n",
      "19  0.985553  0.459366           540  \n",
      "12  0.974378  0.454478           540  \n",
      "13  0.984091  0.451147           540  \n",
      "7   0.975162  0.446712           540  \n",
      "9   0.974911  0.438812           540  \n",
      "4   0.493306  0.282227           379  \n",
      "2   0.493306  0.282227           379  \n"
     ]
    }
   ],
   "source": [
    "files_press = glob.glob('logs/gp_summary_data_pressureswing*.csv')\n",
    "files_temp  = glob.glob('logs/gp_summary_data_tempswing*.csv')\n",
    "\n",
    "def collect_r2(files, label):\n",
    "    rows = []\n",
    "    for file in files:\n",
    "        df = pd.read_csv(file, on_bad_lines='skip')\n",
    "\n",
    "        rows.append({\n",
    "            \"file\": file,\n",
    "            \"mode\": label,\n",
    "            \"r2_max\": df[\"r2\"].max(),\n",
    "            \"r2_mean\": df[\"r2\"].mean(),\n",
    "            \"n_rows_total\": len(df),\n",
    "        })\n",
    "    return pd.DataFrame(rows)\n",
    "\n",
    "df_press = collect_r2(files_press, \"pressure_swing\")\n",
    "df_temp  = collect_r2(files_temp, \"temp_swing\")\n",
    "\n",
    "summary = pd.concat([df_press, df_temp], ignore_index=True)\n",
    "\n",
    "print(\"=== Dateien nach r2_max sortiert ===\")\n",
    "print(summary.sort_values(\"r2_max\", ascending=False))\n",
    "print()\n",
    "print(\"=== Dateien nach r2_mean sortiert ===\")\n",
    "print(summary.sort_values(\"r2_mean\", ascending=False))"
   ]
  },
  {
   "cell_type": "code",
   "execution_count": null,
   "id": "9071d72f-b286-41c5-b717-99bca0286e93",
   "metadata": {},
   "outputs": [],
   "source": []
  }
 ],
 "metadata": {
  "kernelspec": {
   "display_name": "Python 3 (ipykernel)",
   "language": "python",
   "name": "python3"
  },
  "language_info": {
   "codemirror_mode": {
    "name": "ipython",
    "version": 3
   },
   "file_extension": ".py",
   "mimetype": "text/x-python",
   "name": "python",
   "nbconvert_exporter": "python",
   "pygments_lexer": "ipython3",
   "version": "3.11.13"
  }
 },
 "nbformat": 4,
 "nbformat_minor": 5
}
